0	Memetic	0	10	10607	0.978767	0.975465	9	8.400000	0.978767	0.975465	0.777864	1.000000	10	1322.709000	1178.347900	2495.927000	2246.967200	0.954058	32	16	254623	7567	264443	17428	
1	Memetic	0	10	10607	0.972881	0.975465	7	8.400000	0.972881	0.975465	0.777864	1.000000	10	1163.163000	1178.347900	2190.736000	2246.967200	0.954058	32	16	254623	7567	264443	17428	
2	Memetic	0	10	10607	0.969682	0.975465	7	8.400000	0.969682	0.975465	0.777864	1.000000	10	806.641000	1178.347900	1528.795000	2246.967200	0.954058	32	16	254623	7567	264443	17428	
3	Memetic	0	10	10607	0.981561	0.975465	8	8.400000	0.981561	0.975465	0.777864	1.000000	10	1224.135000	1178.347900	2370.685000	2246.967200	0.954058	32	16	254623	7567	264443	17428	
4	Memetic	0	10	10607	0.978997	0.975465	10	8.400000	0.978997	0.975465	0.777864	1.000000	10	1387.504000	1178.347900	2597.951000	2246.967200	0.954058	32	16	254623	7567	264443	17428	
5	Memetic	0	10	10607	0.980793	0.975465	12	8.400000	0.980793	0.975465	0.777864	1.000000	10	1008.696000	1178.347900	1933.359000	2246.967200	0.954058	32	16	254623	7567	264443	17428	
6	Memetic	0	10	10607	0.969671	0.975465	6	8.400000	0.969671	0.975465	0.777864	1.000000	10	1079.249000	1178.347900	2079.705000	2246.967200	0.954058	32	16	254623	7567	264443	17428	
7	Memetic	0	10	10607	0.980380	0.975465	11	8.400000	0.980380	0.975465	0.777864	1.000000	10	1446.442000	1178.347900	2778.378000	2246.967200	0.954058	32	16	254623	7567	264443	17428	
8	Memetic	0	10	10607	0.976957	0.975465	8	8.400000	0.976957	0.975465	0.777864	1.000000	10	1246.905000	1178.347900	2370.524000	2246.967200	0.954058	32	16	254623	7567	264443	17428	
9	Memetic	0	10	10607	0.964959	0.975465	6	8.400000	0.964959	0.975465	0.777864	1.000000	10	1098.035000	1178.347900	2123.612000	2246.967200	0.954058	32	16	254623	7567	264443	17428	
0	Memetic	1	10	22466	0.978133	0.979704	9	9.200000	0.978133	0.979704	0.777864	1.000000	8	1344.323000	1244.112300	2484.699000	2391.619100	0.954058	32	16	254623	7567	264443	17428	
1	Memetic	1	10	22466	0.978767	0.979704	9	9.200000	0.978767	0.979704	0.777864	1.000000	8	1322.709000	1244.112300	2523.411000	2391.619100	0.954058	32	16	254623	7567	264443	17428	
2	Memetic	1	10	22466	0.978767	0.979704	9	9.200000	0.978767	0.979704	0.777864	1.000000	8	1302.532000	1244.112300	1863.534000	2391.619100	0.954058	32	16	254623	7567	264443	17428	
3	Memetic	1	10	22466	0.978997	0.979704	10	9.200000	0.978997	0.979704	0.777864	1.000000	8	1387.504000	1244.112300	2609.246000	2391.619100	0.954058	32	16	254623	7567	264443	17428	
4	Memetic	1	10	22466	0.979821	0.979704	8	9.200000	0.979821	0.979704	0.777864	1.000000	8	1215.953000	1244.112300	2332.095000	2391.619100	0.954058	32	16	254623	7567	264443	17428	
5	Memetic	1	10	22466	0.979853	0.979704	8	9.200000	0.979853	0.979704	0.777864	1.000000	8	1087.907000	1244.112300	1763.223000	2391.619100	0.954058	32	16	254623	7567	264443	17428	
6	Memetic	1	10	22466	0.979972	0.979704	8	9.200000	0.979972	0.979704	0.777864	1.000000	8	1100.922000	1244.112300	2331.223000	2391.619100	0.954058	32	16	254623	7567	264443	17428	
7	Memetic	1	10	22466	0.980380	0.979704	11	9.200000	0.980380	0.979704	0.777864	1.000000	8	1446.442000	1244.112300	2766.659000	2391.619100	0.954058	32	16	254623	7567	264443	17428	
8	Memetic	1	10	22466	0.980793	0.979704	12	9.200000	0.980793	0.979704	0.777864	1.000000	8	1008.696000	1244.112300	2873.938000	2391.619100	0.954058	32	16	254623	7567	264443	17428	
9	Memetic	1	10	22466	0.981561	0.979704	8	9.200000	0.981561	0.979704	0.777864	1.000000	8	1224.135000	1244.112300	2368.163000	2391.619100	0.954058	32	16	254623	7567	264443	17428	
0	Memetic	2	10	34902	0.979391	0.980145	12	9.500000	0.979391	0.980145	0.777864	1.000000	10	1501.766000	1245.945400	3090.455000	2578.690500	0.954058	32	16	254623	7567	264443	17428	
1	Memetic	2	10	34902	0.979490	0.980145	9	9.500000	0.979490	0.980145	0.777864	1.000000	10	1268.683000	1245.945400	2664.542000	2578.690500	0.954058	32	16	254623	7567	264443	17428	
2	Memetic	2	10	34902	0.979496	0.980145	9	9.500000	0.979496	0.980145	0.777864	1.000000	10	1266.845000	1245.945400	1707.408000	2578.690500	0.954058	32	16	254623	7567	264443	17428	
3	Memetic	2	10	34902	0.979821	0.980145	8	9.500000	0.979821	0.980145	0.777864	1.000000	10	1215.953000	1245.945400	2422.218000	2578.690500	0.954058	32	16	254623	7567	264443	17428	
4	Memetic	2	10	34902	0.979853	0.980145	8	9.500000	0.979853	0.980145	0.777864	1.000000	10	1087.907000	1245.945400	2612.429000	2578.690500	0.954058	32	16	254623	7567	264443	17428	
5	Memetic	2	10	34902	0.979972	0.980145	8	9.500000	0.979972	0.980145	0.777864	1.000000	10	1100.922000	1245.945400	1931.288000	2578.690500	0.954058	32	16	254623	7567	264443	17428	
6	Memetic	2	10	34902	0.980380	0.980145	11	9.500000	0.980380	0.980145	0.777864	1.000000	10	1446.442000	1245.945400	2893.505000	2578.690500	0.954058	32	16	254623	7567	264443	17428	
7	Memetic	2	10	34902	0.980697	0.980145	10	9.500000	0.980697	0.980145	0.777864	1.000000	10	1338.105000	1245.945400	2835.765000	2578.690500	0.954058	32	16	254623	7567	264443	17428	
8	Memetic	2	10	34902	0.980793	0.980145	12	9.500000	0.980793	0.980145	0.777864	1.000000	10	1008.696000	1245.945400	3088.147000	2578.690500	0.954058	32	16	254623	7567	264443	17428	
9	Memetic	2	10	34902	0.981561	0.980145	8	9.500000	0.981561	0.980145	0.777864	1.000000	10	1224.135000	1245.945400	2541.148000	2578.690500	0.954058	32	16	254623	7567	264443	17428	
